50
134512346135461356
31634752772484
244364259903929646968330496
244364259903929646968330396
254724682546835678467824
134512346135461356
31634752772484
244364259903929646968330496
244364259903929646968330396
254724682546835678467824
134512346135461356
31634752772484
244364259903929646968330496
244364259903929646968330396
254724682546835678467824
134512346135461356
31634752772484
244364259903929646968330496
244364259903929646968330396
254724682546835678467824
134512346135461356
31634752772484
244364259903929646968330496
244364259903929646968330396
254724682546835678467824
134512346135461356
31634752772484
244364259903929646968330496
244364259903929646968330396
254724682546835678467824
134512346135461356
31634752772484
244364259903929646968330496
244364259903929646968330396
254724682546835678467824
134512346135461356
31634752772484
244364259903929646968330496
244364259903929646968330396
254724682546835678467824
134512346135461356
31634752772484
244364259903929646968330496
244364259903929646968330396
254724682546835678467824
134512346135461356
31634752772484
244364259903929646968330496
244364259903929646968330396
254724682546835678467824